1 1
2 10
3 12
4 12
5 6
6 17
7 9
8 5
9 14
10 14
11 11
12 10
13 16
14 5
15 18
16 19
17 2
18 8
19 0
20 19
1 6 1 1
2 16 2 2
3 16 3 3
4 11 4 4
5 1 5 5
6 1 6 6
7 19 7 7
8 9 8 8
9 4 9 9
10 3 10 10
11 17 11 11
12 8 12 12
13 7 13 13
14 10 14 14
15 12 15 15
16 0 16 16
17 17 17 17
18 0 18 18
19 17 19 19
20 0 20 20
1 9 1 1
2 15 2 2
3 0 3 3
4 17 4 4
5 10 5 5
6 6 6 6
7 11 7 7
8 16 8 8
9 18 9 9
10 17 10 10
11 0 11 11
12 8 12 12
13 18 13 13
14 17 14 14
15 0 15 15
16 1 16 16
17 6 17 17
18 1 18 18
19 11 19 19
20 19 20 20
