1 3
2 16
3 10
4 16
5 8
6 2
7 18
8 13
9 4
10 19
11 19
12 9
13 1
14 7
15 13
16 16
17 1
18 16
19 11
20 4
1 13 1 1
2 5 2 2
3 3 3 3
4 5 4 4
5 13 5 5
6 12 6 6
7 9 7 7
8 2 8 8
9 2 9 9
10 18 10 10
11 16 11 11
12 5 12 12
13 14 13 13
14 6 14 14
15 18 15 15
16 19 16 16
17 2 17 17
18 14 18 18
19 18 19 19
20 2 20 20
1 0 1 1
2 6 2 2
3 11 3 3
4 7 4 4
5 4 5 5
6 11 6 6
7 19 7 7
8 4 8 8
9 14 9 9
10 19 10 10
11 19 11 11
12 7 12 12
13 17 13 13
14 5 14 14
15 18 15 15
16 1 16 16
17 18 17 17
18 3 18 18
19 2 19 19
20 11 20 20
