1 7
2 3
3 9
4 10
5 21
6 42
7 25
8 43
9 27
10 17
11 28
12 44
13 30
14 43
15 47
16 23
17 6
18 15
19 36
20 33
1 27 1 1
2 35 2 2
3 12 3 3
4 33 4 4
5 18 5 5
6 39 6 6
7 41 7 7
8 42 8 8
9 9 9 9
10 44 10 10
11 43 11 11
12 8 12 12
13 47 13 13
14 37 14 14
15 12 15 15
16 48 16 16
17 39 17 17
18 8 18 18
19 7 19 19
20 2 20 20
1 20 1 1
2 39 2 2
3 12 3 3
4 30 4 4
5 21 5 5
6 32 6 6
7 35 7 7
8 46 8 8
9 15 9 9
10 41 10 10
11 40 11 11
12 4 12 12
13 16 13 13
14 1 14 14
15 45 15 15
16 24 16 16
17 18 17 17
18 10 18 18
19 7 19 19
20 39 20 20
