1 14
2 13
3 10
4 13
5 18
6 2
7 0
8 18
9 1
10 9
11 1
12 4
13 17
14 6
15 8
16 12
17 16
18 14
19 18
20 12
1 18 1 1
2 18 2 2
3 17 3 3
4 10 4 4
5 3 5 5
6 9 6 6
7 0 7 7
8 9 8 8
9 16 9 9
10 12 10 10
11 16 11 11
12 8 12 12
13 1 13 13
14 18 14 14
15 9 15 15
16 14 16 16
17 10 17 17
18 15 18 18
19 11 19 19
20 13 20 20
1 19 1 1
2 1 2 2
3 8 3 3
4 3 4 4
5 18 5 5
6 10 6 6
7 7 7 7
8 8 8 8
9 19 9 9
10 17 10 10
11 2 11 11
12 6 12 12
13 0 13 13
14 16 14 14
15 1 15 15
16 0 16 16
17 3 17 17
18 6 18 18
19 8 19 19
20 17 20 20
