1 10
2 14
3 2
4 1
5 12
6 6
7 4
8 1
9 16
10 17
11 0
12 14
13 19
14 14
15 4
16 11
17 17
18 5
19 4
20 19
1 1 1 1
2 7 2 2
3 16 3 3
4 5 4 4
5 13 5 5
6 19 6 6
7 17 7 7
8 9 8 8
9 8 9 9
10 11 10 10
11 13 11 11
12 1 12 12
13 17 13 13
14 2 14 14
15 5 15 15
16 13 16 16
17 5 17 17
18 14 18 18
19 10 19 19
20 1 20 20
1 0 1 1
2 12 2 2
3 11 3 3
4 16 4 4
5 1 5 5
6 0 6 6
7 3 7 7
8 4 8 8
9 13 9 9
10 7 10 10
11 14 11 11
12 12 12 12
13 6 13 13
14 2 14 14
15 7 15 15
16 19 16 16
17 9 17 17
18 8 18 18
19 6 19 19
20 5 20 20
