1 4
2 7
3 17
4 12
5 16
6 9
7 8
8 15
9 7
10 1
11 17
12 8
13 9
14 17
15 3
16 6
17 17
18 17
19 19
20 8
1 3 1 1
2 15 2 2
3 13 3 3
4 9 4 4
5 16 5 5
6 3 6 6
7 0 7 7
8 11 8 8
9 17 9 9
10 10 10 10
11 6 11 11
12 6 12 12
13 5 13 13
14 5 14 14
15 10 15 15
16 8 16 16
17 0 17 17
18 14 18 18
19 11 19 19
20 5 20 20
1 5 1 1
2 14 2 2
3 14 3 3
4 13 4 4
5 10 5 5
6 2 6 6
7 11 7 7
8 6 8 8
9 15 9 9
10 11 10 10
11 9 11 11
12 12 12 12
13 17 13 13
14 2 14 14
15 16 15 15
16 4 16 16
17 10 17 17
18 14 18 18
19 1 19 19
20 12 20 20
